[(0, 1), (1, 1)]
[(2, 1), (3, 1), (4, 1), (5, 1), (6, 1), (7, 1), (8, 1)]
[(9, 1), (10, 1), (11, 1)]
[(6, 1), (8, 1), (12, 1), (13, 1), (14, 1), (15, 1), (16, 1), (17, 1), (18, 1), (19, 1), (20, 1), (21, 1), (22, 1), (23, 1), (24, 1), (25, 1), (26, 1), (27, 1)]
[(6, 1), (8, 1), (14, 1), (15, 1), (16, 1), (17, 1), (18, 1), (19, 1), (20, 1), (22, 1), (23, 1), (24, 1), (25, 1), (26, 1), (28, 1), (29, 1), (30, 1), (31, 1)]
[(28, 2), (32, 1), (33, 1), (34, 1), (35, 1)]
[(17, 1), (21, 1), (28, 2), (36, 1)]
[(8, 1), (16, 1), (17, 1), (21, 1), (26, 1), (27, 1), (33, 1), (36, 1), (37, 1), (38, 1), (39, 1), (40, 1), (41, 1), (42, 2)]
[(17, 1), (20, 2), (21, 1), (28, 2)]
[(8, 1), (12, 1), (16, 1), (17, 1), (21, 1), (26, 1), (27, 1), (28, 2), (31, 1), (33, 1), (39, 1), (41, 1), (42, 1), (43, 1), (44, 1), (45, 1)]
[(17, 1), (21, 1), (27, 1), (34, 1), (42, 1)]
[(21, 1), (28, 2), (32, 2), (35, 1)]
[(16, 1), (17, 1), (19, 1), (21, 1), (26, 1), (28, 2), (29, 1), (31, 1), (41, 1), (42, 1), (46, 1), (47, 1), (48, 1)]
[(14, 1), (16, 1), (17, 1), (18, 1), (19, 1), (21, 1), (22, 1), (23, 1), (24, 1), (25, 1), (26, 1), (28, 2), (31, 1), (42, 2), (49, 1)]
[(21, 1), (27, 1), (28, 2), (32, 2), (35, 1), (50, 1)]
[(12, 1), (21, 1), (27, 1), (28, 2), (32, 2), (35, 1), (51, 1)]
[(21, 1), (27, 1), (28, 2), (32, 2), (35, 1)]
[(21, 1), (28, 2), (32, 2), (35, 1)]
[(8, 1), (21, 1), (28, 2), (32, 2), (33, 1), (35, 1), (36, 1), (39, 1)]
[(12, 1), (16, 1), (17, 1), (18, 1), (19, 1), (26, 1), (27, 1), (30, 1), (33, 1), (39, 1), (41, 1), (42, 1), (49, 1), (52, 1), (53, 1), (54, 1)]
[(8, 1), (17, 1), (19, 1), (33, 1), (41, 1), (42, 1), (43, 1), (45, 1), (55, 2), (56, 2), (57, 3), (58, 1), (59, 1), (60, 1), (61, 1)]
[(8, 1), (16, 1), (17, 1), (19, 1), (26, 1), (28, 2), (31, 1), (41, 1), (42, 1), (61, 1), (62, 1), (63, 1), (64, 1), (65, 1), (66, 1)]
[(67, 1), (68, 1), (69, 1), (70, 1)]
[(5, 1), (8, 1), (17, 1), (27, 1), (28, 1), (34, 1), (49, 1), (51, 1), (57, 1), (71, 1), (72, 1)]
[(8, 1), (27, 1), (73, 1), (74, 1), (75, 1), (76, 1)]
[(10, 1), (77, 1)]
[(1, 1), (5, 1), (28, 2), (32, 2), (33, 1), (39, 1), (41, 2), (42, 1), (78, 1), (79, 1), (80, 1)]
[(10, 1), (11, 1), (75, 1), (81, 2), (82, 2), (83, 1)]
[(1, 1), (27, 2), (51, 1), (84, 1), (85, 1), (86, 1)]
[(87, 1)]
[(1, 1), (88, 1)]
[(51, 2), (89, 1)]
[(1, 1), (8, 1), (14, 1), (27, 1), (42, 1), (75, 1), (84, 1), (90, 1), (91, 1), (92, 1)]
[(1, 1), (16, 1), (26, 1), (27, 1), (28, 1), (29, 1), (30, 1), (31, 1), (41, 1), (62, 1), (66, 1), (78, 1), (93, 1), (94, 1), (95, 1)]
[(8, 1), (17, 1), (21, 1), (28, 2), (33, 1), (39, 1), (42, 2), (56, 2)]
[(4, 1), (19, 1), (79, 1), (96, 1)]
[(17, 1), (21, 1), (28, 2), (33, 1), (39, 1)]
[(17, 1), (50, 1), (69, 1), (97, 1), (98, 1), (99, 1), (100, 1), (101, 1)]
[(49, 1), (102, 1)]
[(32, 2), (86, 1), (90, 1), (94, 1), (103, 1), (104, 1)]
[(5, 1), (21, 1), (41, 1), (80, 1)]
[(8, 2), (17, 1), (20, 1), (21, 1), (28, 2), (32, 2), (36, 1), (41, 1), (105, 1)]
[(14, 1), (36, 1), (106, 1), (107, 1), (108, 1), (109, 1)]
[(75, 1), (96, 1), (110, 1)]
[(8, 1), (33, 1), (36, 2), (39, 1), (98, 1), (111, 1), (112, 1)]
[(3, 1), (28, 2), (113, 1)]
[(8, 1), (21, 1), (41, 1), (45, 1), (64, 1), (114, 1), (115, 1), (116, 1), (117, 1), (118, 1)]
[(1, 1), (19, 1), (27, 1), (33, 1), (41, 1), (49, 1), (75, 1), (119, 1), (120, 1), (121, 1), (122, 1), (123, 1)]
[(9, 1), (21, 1), (27, 1), (36, 1), (41, 1), (114, 1), (115, 1), (116, 1), (117, 1), (123, 1), (124, 1), (125, 1)]
[(17, 1), (21, 1), (28, 2), (32, 2), (36, 1)]
[(27, 1), (86, 1), (96, 1)]
[(9, 1), (21, 1), (28, 2), (32, 2), (33, 1), (39, 1), (126, 1)]
[(17, 1), (21, 1), (28, 2), (32, 2), (33, 1)]
[(17, 1), (21, 1), (28, 2), (32, 2), (49, 2)]
[(12, 1), (17, 1), (21, 1), (27, 1), (28, 2), (32, 1), (52, 1), (70, 1), (117, 1), (127, 1), (128, 1), (129, 1)]
[(17, 1), (21, 1), (28, 2), (32, 2), (33, 1), (39, 1)]
[(17, 1), (21, 1), (28, 2), (32, 2)]
[(17, 1), (21, 1), (28, 2), (32, 2), (49, 1)]
[(8, 1), (17, 1), (21, 1), (28, 2), (32, 2), (44, 1)]
[(17, 2), (28, 2), (32, 2), (33, 1), (39, 1)]
[(17, 2), (20, 1), (28, 2), (33, 1), (39, 1)]
[(17, 1), (20, 1), (21, 1), (28, 2), (32, 2)]
[(17, 2), (20, 1), (28, 2), (32, 2), (33, 1), (39, 1)]
[(17, 1), (21, 1), (27, 1), (28, 2), (32, 2), (50, 1), (130, 1), (131, 1)]
[(1, 1), (8, 1), (17, 1), (26, 1), (36, 1), (42, 1)]
[(8, 1), (18, 1), (44, 1), (128, 1), (132, 1), (133, 1), (134, 1), (135, 1)]
[(17, 1), (21, 1), (33, 1), (36, 1), (41, 1), (42, 2), (49, 1), (55, 2), (57, 4), (71, 1), (120, 1), (136, 1)]
[(9, 1), (19, 1), (21, 1), (27, 1), (41, 1), (64, 1), (79, 1), (115, 1), (116, 1), (123, 1), (137, 1)]
[(17, 1), (19, 1), (21, 1), (41, 1), (42, 2), (45, 1), (55, 2), (57, 4), (64, 1), (138, 1), (139, 1)]
[(5, 1), (19, 1), (21, 1), (41, 1), (42, 1), (55, 2), (57, 4), (140, 1)]
[(17, 1), (49, 1), (78, 1), (79, 1), (113, 1)]
[(8, 1), (17, 1), (21, 1), (42, 2), (58, 1), (141, 1)]
[(8, 1), (17, 1), (21, 1), (28, 2), (32, 2), (44, 1)]
[(17, 1), (21, 1), (28, 2), (32, 2), (126, 1), (142, 1)]
[(11, 1), (12, 1), (21, 1), (27, 1)]
[(21, 1), (28, 2), (32, 2)]
[(17, 1), (21, 1), (27, 1), (28, 2), (32, 2), (130, 1), (135, 1)]
[(8, 1), (17, 1), (18, 1), (19, 1), (21, 1), (27, 1), (33, 1), (34, 1), (41, 1), (44, 1), (143, 1), (144, 1), (145, 1)]
[(21, 1), (121, 1)]
[(21, 1), (37, 1), (121, 1)]
[(12, 1), (17, 1), (21, 1), (27, 1), (28, 2), (32, 2)]
[(8, 1), (17, 1), (21, 1), (36, 1), (42, 2), (46, 1), (48, 1), (113, 2)]
[(8, 1), (44, 1), (75, 1), (82, 1), (146, 1)]
[(99, 1), (147, 1), (148, 1)]
[(16, 1), (19, 1), (21, 1), (36, 1), (41, 1), (58, 1), (75, 1), (104, 1), (126, 1), (130, 1), (133, 1), (142, 1), (144, 1)]
[(36, 1), (41, 1), (49, 1), (91, 1), (149, 1), (150, 1), (151, 1), (152, 2)]
[(17, 1), (151, 1), (153, 1), (154, 1)]
[(1, 1), (28, 1), (32, 1), (58, 2), (107, 1)]
[(17, 1), (33, 1), (39, 1), (49, 1), (113, 1), (124, 1)]
[(53, 1), (155, 1), (156, 1), (157, 1)]
[(128, 1), (157, 1)]
[(97, 1)]
[(17, 1), (30, 1), (42, 1), (153, 1), (158, 1), (159, 1)]
[(3, 1), (28, 2), (113, 1)]
[(86, 1), (117, 1), (153, 1), (160, 1), (161, 1), (162, 1)]
[(75, 1), (89, 1), (113, 2), (163, 1)]
[(8, 1), (21, 1), (33, 1), (39, 1), (42, 1), (55, 2), (57, 4)]
[(21, 1), (28, 2), (42, 1)]
[(8, 1), (21, 1), (27, 1), (30, 2), (44, 1), (50, 1), (126, 1), (130, 1), (142, 1)]
[(28, 2), (32, 2), (33, 1), (39, 1), (42, 1), (73, 1), (74, 1), (130, 1), (164, 1), (165, 1)]
[(28, 2), (32, 2), (42, 1), (73, 1), (130, 1), (164, 1), (165, 1)]
[(1, 1), (27, 2), (28, 1), (42, 1)]
[(1, 1), (42, 1)]
[(17, 1), (33, 1), (166, 1), (167, 1)]
[(1, 1), (42, 1), (49, 1), (168, 1)]
[(21, 1), (28, 2), (32, 2), (33, 1), (39, 1), (126, 1), (142, 1)]
[(21, 1), (28, 2), (32, 2), (126, 1), (142, 1)]
[(21, 1), (28, 2), (32, 2), (33, 1), (39, 1), (126, 1), (142, 1)]
[(21, 1), (27, 2), (28, 2), (32, 2), (126, 1), (142, 1)]
[(21, 1), (28, 2), (126, 1), (142, 1)]
[(47, 1), (106, 2), (169, 1)]
[(11, 1), (165, 1)]
[(9, 1), (113, 1), (166, 1), (170, 1), (171, 1)]
[(55, 1), (57, 2), (82, 1), (165, 1), (172, 1), (173, 1)]
[(1, 1), (26, 1), (28, 2), (33, 1), (146, 1)]
[(36, 1)]
[(8, 1), (21, 1), (33, 1), (42, 1), (54, 1), (55, 2), (57, 4)]
[(3, 1), (165, 1)]
[(36, 1), (174, 1), (175, 1)]
[]
[(28, 1), (97, 1)]
[(28, 2), (32, 2), (33, 1), (39, 1), (73, 1), (74, 1), (76, 1), (78, 1), (165, 1), (176, 1)]
[]
[(96, 1), (113, 1), (115, 1)]
[(2, 1), (12, 1), (19, 1), (27, 1), (28, 1), (57, 1), (94, 1), (156, 1), (164, 1), (177, 1)]
[(1, 1), (26, 1), (30, 1), (33, 1), (146, 1)]
[(178, 1), (179, 1), (180, 1), (181, 1), (182, 1)]
[(1, 1), (58, 1), (61, 1), (76, 1), (86, 1), (115, 1), (183, 1), (184, 1)]
[(4, 1), (98, 1), (152, 1)]
[(76, 1), (109, 1), (110, 1), (131, 1), (143, 1), (148, 1), (165, 1), (185, 1)]
[(1, 2), (8, 1), (11, 2), (21, 1), (27, 1), (36, 1), (75, 1), (85, 1), (98, 1), (130, 1), (178, 1), (186, 2), (187, 1)]
[(17, 1), (28, 1), (42, 1), (86, 1), (151, 1), (153, 1)]
[(8, 1), (9, 1), (44, 1), (113, 1), (115, 1), (146, 1), (188, 1)]
[(17, 1), (36, 1), (86, 1), (154, 1), (179, 1), (189, 1), (190, 1)]
[(5, 1), (24, 1), (28, 1), (181, 1)]
[(8, 1), (103, 1), (113, 1), (191, 1)]
[]
[]
[(4, 1), (8, 1), (11, 1), (27, 1), (28, 2), (31, 1), (47, 1), (57, 1), (77, 1), (87, 1), (105, 1), (112, 1), (113, 1), (129, 1), (183, 1), (187, 1)]
[(36, 1), (89, 1), (152, 1), (179, 1), (180, 1), (192, 1)]
[(76, 1), (135, 1), (179, 1)]
[(1, 1), (10, 1), (12, 1), (19, 1), (26, 1), (27, 1), (41, 1), (82, 2), (172, 1), (193, 1)]
[(17, 1), (21, 1), (28, 2), (32, 2)]
[(5, 1), (17, 1), (21, 1), (28, 2), (32, 2), (130, 1)]
[(12, 1), (17, 1), (21, 1), (27, 1), (37, 1), (41, 1), (42, 2), (79, 1)]
[(17, 1), (21, 1), (28, 2), (32, 2), (130, 1)]
[(1, 1), (4, 1), (27, 1), (33, 1), (42, 1), (126, 1), (142, 1)]
[(8, 2), (14, 1), (21, 1), (28, 2), (32, 2), (44, 2), (130, 1), (166, 1), (194, 1)]
[(18, 1), (41, 1), (52, 1), (71, 2), (91, 1), (117, 1), (119, 1), (129, 1), (144, 1), (186, 1), (195, 1)]
[(3, 1), (113, 1)]
[(14, 1), (86, 1), (90, 1), (115, 1), (132, 1), (153, 1), (196, 1)]
[(5, 1), (16, 1), (19, 1), (21, 1), (26, 1), (27, 1), (28, 1), (31, 1), (41, 1), (42, 1), (49, 1), (80, 1)]
[(12, 1), (21, 1), (75, 1), (147, 1)]
[(21, 1), (28, 2), (32, 2), (49, 1), (76, 1)]
[(8, 2), (15, 1), (96, 1), (173, 1)]
[(8, 1), (113, 1), (156, 1), (166, 1)]
[(1, 1), (27, 1), (66, 1)]
[(8, 2), (21, 1), (28, 2), (32, 2), (41, 1), (130, 1), (166, 1), (194, 1)]
[(8, 1), (21, 1), (28, 2), (32, 2), (33, 1), (39, 1), (41, 1), (166, 1), (194, 1)]
[(1, 1), (28, 2), (32, 2), (41, 1), (42, 1), (121, 1), (178, 1), (197, 1)]
[(1, 1), (8, 1), (12, 1), (27, 1), (28, 2), (32, 2), (41, 1), (42, 1), (44, 1), (121, 1), (178, 1), (197, 1)]
[(1, 1), (8, 1), (28, 2), (32, 2), (33, 1), (36, 1), (39, 1), (41, 1), (42, 1), (44, 1), (125, 1), (146, 1), (156, 1), (198, 1)]
[(1, 1), (28, 1), (41, 1), (42, 1), (78, 1), (109, 1)]
[(1, 1), (28, 3), (32, 2), (41, 1), (42, 1), (78, 2), (79, 2), (199, 1)]
[(1, 1), (28, 2), (32, 2), (41, 1), (42, 1), (61, 1), (76, 1), (122, 1)]
[(1, 1), (8, 1), (28, 2), (32, 2), (41, 1), (42, 1), (61, 1), (63, 1), (76, 1), (117, 1), (122, 1), (200, 1)]
[(1, 1), (12, 1), (27, 1), (28, 2), (32, 2), (41, 1), (42, 1), (49, 1), (61, 1), (119, 1), (120, 1), (121, 1), (122, 1), (146, 1), (178, 1), (197, 1)]
[(1, 1), (28, 2), (32, 2), (41, 1), (42, 1), (49, 2), (61, 1), (108, 1), (119, 1), (120, 1), (121, 1), (122, 1), (178, 1), (197, 1), (201, 1)]
[(1, 1), (5, 1), (28, 2), (32, 2), (33, 1), (36, 1), (39, 1), (41, 1), (42, 1), (78, 1), (79, 1), (105, 1)]
[(27, 2), (117, 1), (190, 1)]
[(30, 2), (73, 1), (74, 1), (102, 1)]
[(33, 1), (39, 1), (156, 2), (197, 1)]
[(21, 1), (28, 2), (32, 2), (33, 1), (39, 1), (130, 1), (202, 1)]
[(21, 1), (28, 2), (32, 2), (76, 1), (130, 1), (203, 1)]
[(20, 1), (21, 1), (28, 2), (32, 2), (203, 1)]
[(32, 1), (129, 1), (187, 1), (204, 1), (205, 1)]
[(3, 1), (28, 2), (113, 1)]
[(5, 1), (16, 1), (19, 1), (21, 1), (26, 1), (27, 1), (41, 1), (42, 1), (49, 1), (52, 1), (80, 1)]
[(3, 1), (113, 1)]
[(3, 1), (113, 1)]
[(3, 1), (27, 1), (49, 1), (113, 1)]
[(86, 1), (94, 1), (148, 1), (153, 1), (173, 1), (190, 1)]
[(5, 1), (19, 1), (21, 1), (33, 1), (41, 1), (42, 1), (51, 1), (55, 2), (57, 4), (63, 1), (139, 1)]
[(8, 1), (9, 1), (12, 1), (19, 1), (21, 1), (27, 1), (41, 1), (42, 1), (45, 1), (55, 2), (57, 3), (64, 1), (139, 1), (206, 1)]
[(19, 1), (21, 1), (33, 1), (36, 1), (41, 1), (42, 1), (51, 1), (55, 2), (57, 3), (125, 1)]
[(8, 1), (21, 1), (33, 1), (41, 1), (42, 1), (43, 1), (45, 1), (55, 2), (57, 1), (133, 1), (139, 1)]
[(8, 1), (19, 1), (21, 1), (33, 1), (36, 1), (41, 1), (42, 1), (55, 2), (57, 3), (80, 1)]
[(19, 1), (21, 1), (33, 1), (36, 1), (41, 1), (42, 1), (49, 1), (55, 2), (57, 3), (104, 1), (207, 1), (208, 1), (209, 1)]
[(8, 2), (21, 1), (27, 2), (30, 1), (36, 1), (115, 1), (210, 1), (211, 1), (212, 1)]
[(1, 1), (8, 2), (15, 2), (28, 2), (32, 2), (42, 1)]
[(28, 1), (83, 1), (212, 1)]
[(16, 1), (19, 1), (21, 1), (26, 1), (28, 2), (29, 1), (30, 1), (31, 1), (41, 1), (42, 1), (62, 1), (66, 1), (122, 1), (124, 1), (125, 1), (209, 1)]
[(16, 1), (19, 1), (21, 1), (26, 1), (28, 2), (29, 1), (30, 1), (31, 1), (36, 1), (38, 1), (41, 1), (42, 1), (62, 1), (66, 1)]
[(16, 1), (19, 1), (21, 1), (26, 1), (28, 2), (29, 1), (30, 1), (31, 1), (36, 1), (41, 1), (42, 1), (45, 1), (61, 1), (62, 1), (66, 1), (119, 1)]
[(18, 1), (19, 1), (21, 1), (26, 1), (28, 2), (31, 1), (41, 1), (62, 1), (66, 1), (116, 1), (130, 1), (143, 1), (145, 1), (213, 1)]
[(8, 1), (16, 1), (18, 1), (19, 1), (21, 1), (26, 1), (28, 2), (30, 1), (31, 1), (41, 1), (42, 1)]
[(14, 1), (113, 1), (115, 1), (156, 1), (162, 1)]
[(21, 1), (42, 1), (214, 1)]
[(12, 1), (21, 1), (27, 1), (36, 1), (41, 1), (42, 1), (51, 1), (109, 1)]
[(1, 1), (28, 2), (32, 2), (33, 1), (39, 1), (42, 1)]
[(1, 1), (28, 2), (32, 1), (33, 1), (39, 1), (42, 1)]
[(1, 1), (8, 1), (28, 1), (32, 1), (42, 1)]
[(1, 1), (33, 1), (34, 1), (42, 1)]
[(1, 1), (28, 2), (32, 2), (42, 1), (63, 1), (78, 1), (117, 1), (197, 1), (204, 1), (215, 1)]
[(8, 2), (21, 1), (28, 2), (32, 2), (44, 2), (130, 1)]
[(21, 1), (28, 2), (32, 2), (130, 1)]
[(21, 1), (28, 2), (32, 2), (130, 1)]
[(21, 1), (28, 2), (32, 2), (130, 1)]
[(8, 1), (21, 1), (28, 2), (32, 2), (130, 1)]
[(7, 1), (8, 1), (12, 1), (21, 1), (27, 1), (42, 1), (55, 2), (57, 4)]
[(20, 1), (21, 1), (28, 2), (32, 2)]
[(8, 1), (15, 1), (20, 1), (21, 1), (28, 2), (32, 2)]
[(20, 1), (21, 1), (28, 2), (32, 2)]
[(152, 1), (187, 1), (209, 1), (216, 1)]
[(21, 1), (28, 2), (32, 2), (33, 2), (39, 1)]
[(8, 1), (21, 1), (28, 2), (32, 2), (33, 1)]
[(8, 1), (12, 1), (27, 1), (55, 1), (96, 1), (173, 1)]
[(1, 2), (42, 1), (159, 1)]
[(4, 1), (8, 1), (19, 1), (33, 1), (44, 1), (49, 1), (135, 1), (217, 1)]
[(1, 1), (104, 1), (218, 1)]
[(27, 1), (36, 1), (50, 1), (52, 1), (75, 1), (146, 1), (173, 1)]
[(1, 1), (28, 1), (32, 1), (219, 1), (220, 1)]
[(12, 1), (27, 1), (28, 2), (36, 1), (95, 1), (102, 1), (214, 1), (221, 1)]
[(12, 1), (27, 1), (36, 1), (95, 1), (102, 1), (117, 1), (214, 1), (221, 1)]
[(5, 1), (28, 2), (32, 2), (186, 1)]
[(1, 1), (28, 2), (42, 1)]
[(1, 1), (27, 2), (30, 1), (79, 1), (222, 1), (223, 1)]
[(1, 1), (8, 1), (27, 1), (28, 2), (32, 2), (41, 1), (42, 1), (178, 1), (197, 1)]
[(12, 1), (21, 1), (27, 1), (28, 2), (32, 2), (80, 1), (130, 1)]
[(8, 1), (28, 2), (32, 2), (177, 1), (224, 1)]
[(28, 2), (32, 2), (33, 1), (39, 1), (177, 1), (224, 1)]
[(96, 1), (225, 1)]
[(226, 1)]
[(1, 1), (27, 1), (41, 1), (42, 1), (64, 1), (115, 1), (116, 1), (143, 1), (145, 1), (159, 1), (197, 1)]
[(5, 1), (19, 1), (21, 1), (41, 1), (42, 1), (55, 2), (57, 3), (102, 1)]
[(5, 1), (33, 1), (49, 1), (87, 1), (185, 1)]
[(8, 1), (21, 1), (28, 2), (33, 1), (36, 1), (39, 1), (42, 1)]
[(8, 1), (21, 1), (33, 1), (36, 1), (39, 1), (42, 1)]
[(1, 1), (28, 2), (42, 1)]
[(1, 1), (30, 1), (107, 1), (227, 1)]
[(1, 1), (5, 1), (28, 1), (32, 1), (33, 1), (78, 1), (183, 1)]
[(1, 1), (28, 2), (32, 2), (117, 2), (200, 2)]
[(1, 1), (113, 1), (156, 1), (187, 1)]
[(27, 2), (96, 1), (117, 1), (156, 1), (225, 1)]
[(1, 1), (84, 1), (90, 1), (92, 1), (172, 1), (195, 1)]
[(1, 1), (84, 1), (90, 1)]
[(27, 1), (55, 1), (96, 1), (113, 1), (163, 1), (213, 1)]
[(21, 1), (28, 2), (32, 2)]
[(21, 1), (28, 1), (32, 1), (130, 1)]
[(8, 1), (21, 1), (28, 2), (32, 2), (44, 1), (130, 1)]
[(8, 1), (12, 1), (15, 1), (21, 1), (27, 1), (30, 1)]
[(21, 1), (28, 2), (32, 2), (33, 1), (39, 1)]
[(21, 1), (28, 2), (32, 2), (33, 1), (39, 1)]
[(21, 1), (28, 2), (32, 2)]
[(8, 1), (21, 1), (28, 2), (32, 2)]
[(12, 1), (21, 1), (27, 1), (28, 2), (32, 2)]
[(21, 1), (28, 2), (32, 2), (49, 1)]
[(21, 1), (27, 1), (28, 2), (32, 2)]
[(21, 1), (28, 2), (32, 2)]
[(21, 1), (28, 2), (32, 2), (33, 1)]
[(12, 1), (27, 1), (104, 1), (173, 1)]
[(1, 1), (228, 1)]
[(1, 1), (42, 1), (117, 1)]
[(21, 1), (27, 2), (36, 1)]
[(1, 1), (27, 1), (30, 3), (36, 1), (51, 1), (109, 1)]
[(11, 1)]
[(8, 1), (11, 1), (220, 1)]
[(28, 1), (94, 1), (117, 1), (132, 1), (166, 1), (214, 1), (229, 1)]
[(12, 1), (55, 1), (96, 1), (115, 1), (141, 1), (212, 1)]
[(1, 1), (8, 1), (27, 2), (55, 1), (90, 1), (96, 1), (182, 1), (183, 1)]
[(209, 1)]
[(8, 3), (28, 1), (33, 1), (44, 1), (186, 1)]
[(47, 1), (113, 1), (210, 1), (227, 1), (230, 1)]
[(36, 1), (156, 1), (157, 1)]
[(36, 1), (152, 1), (155, 1), (156, 1), (157, 1), (231, 1), (232, 1)]
[(1, 1), (28, 1), (32, 1), (227, 1), (233, 1)]
[(1, 1), (12, 1), (27, 1), (28, 2), (32, 2), (42, 1), (227, 1), (233, 1)]
[(1, 1), (28, 1), (32, 1), (227, 1), (233, 1)]
[(1, 1), (41, 1), (114, 1), (156, 1), (157, 1), (187, 1), (231, 1), (234, 1)]
[(1, 1), (21, 1), (27, 1), (42, 1), (56, 1), (75, 1), (130, 1), (165, 1)]
[(1, 1), (27, 1), (72, 1), (108, 1), (129, 1)]
[(21, 1), (76, 1), (81, 1), (155, 1), (166, 1), (183, 1), (209, 1), (229, 1), (235, 1)]
[(6, 1), (18, 1), (21, 1), (55, 1), (75, 1), (89, 1), (96, 1), (123, 1), (128, 2), (141, 1), (152, 1), (173, 1), (183, 1)]
[(36, 1), (41, 1), (99, 1), (235, 1)]
[(132, 1)]
[(1, 1), (42, 1)]
[(5, 1), (19, 1), (21, 1), (41, 1), (42, 1), (55, 2), (57, 3), (133, 1)]
[(8, 1), (21, 1), (113, 2), (126, 1), (159, 1), (169, 1), (228, 2)]
[(11, 1), (45, 1), (112, 1)]
[(1, 1), (4, 1), (42, 1), (63, 1), (110, 1), (152, 1), (176, 1), (178, 1), (201, 1)]
[(1, 1), (36, 1), (41, 1), (51, 1), (96, 2), (156, 1), (225, 1)]
[(28, 1), (82, 1), (115, 1), (116, 1)]
[(21, 1), (115, 1), (130, 1)]
[(1, 1), (21, 1), (28, 2), (32, 2), (33, 1), (39, 1), (42, 1), (130, 1), (202, 1)]
[(1, 2), (14, 1), (170, 1)]
[(1, 1), (28, 4), (32, 4), (36, 1), (42, 1), (87, 1), (90, 1)]
[(21, 1), (49, 1), (133, 1), (236, 1), (237, 1)]
[(1, 2), (14, 1), (55, 1), (148, 1), (170, 1), (172, 1), (195, 1)]
[(21, 1), (33, 1), (51, 1), (135, 1)]
[(5, 1), (6, 1), (9, 1), (12, 1), (21, 1), (37, 1), (51, 1), (79, 1), (85, 1), (113, 1), (115, 1), (183, 1), (186, 1), (188, 1), (227, 1)]
[(75, 1), (113, 1), (144, 1), (152, 1), (166, 1), (212, 1), (238, 2)]
[(1, 1), (21, 1), (28, 3), (32, 3), (130, 1)]
[(1, 2), (14, 2), (78, 1)]
[(34, 1), (113, 1), (212, 1), (218, 1), (239, 1)]
[(7, 1), (41, 1), (240, 1), (241, 1)]
[(89, 1), (242, 1)]
[(26, 1), (67, 1), (156, 2), (209, 2), (241, 1), (243, 1), (244, 1), (245, 1)]
[(9, 1), (13, 1), (36, 2), (160, 1), (210, 1), (211, 1), (212, 1), (242, 2), (246, 1), (247, 1)]
[(26, 1), (103, 1), (248, 1)]
[(91, 1), (160, 1), (213, 1), (249, 2), (250, 1)]
[(5, 2), (18, 1), (19, 1), (41, 1), (76, 1), (176, 1), (250, 1), (251, 1)]
[(43, 1), (119, 1), (143, 1), (213, 1), (241, 3), (252, 1), (253, 3)]
[(53, 1), (107, 1), (108, 1), (120, 1), (222, 1), (236, 1), (245, 1)]
[(27, 1), (94, 1), (254, 1)]
[(46, 1), (48, 1), (94, 1), (125, 1), (132, 1), (167, 1), (174, 1), (229, 1), (254, 1), (255, 1)]
[(28, 1), (32, 1), (36, 1), (109, 1), (214, 1)]
[(76, 1), (235, 1), (256, 1)]
[(195, 1)]
[(5, 1), (63, 1), (76, 1)]
[(76, 1), (138, 1), (139, 1), (156, 1)]
[(28, 1), (133, 1), (167, 1), (257, 1)]
[(36, 1), (181, 1)]
[(226, 1)]
[(59, 1), (95, 1), (98, 1)]
[(28, 1), (95, 1)]
[(55, 1), (57, 2), (258, 1)]
[(234, 1), (259, 1), (260, 1)]
[]
[(63, 1), (97, 1), (111, 1), (204, 1), (250, 1)]
[(113, 1), (115, 1), (116, 1)]
[(157, 1)]
[(36, 1), (105, 1)]
[(85, 1), (186, 1)]
[(63, 1), (99, 1), (107, 1), (201, 1), (258, 1)]
[(67, 1), (156, 3), (241, 1), (244, 1), (245, 1)]
[(42, 1), (73, 1), (113, 1), (152, 1), (257, 1)]
[(10, 1), (38, 1), (167, 1), (204, 1), (252, 1)]
[(54, 1), (161, 1)]
[(52, 1), (214, 1), (259, 1), (260, 1), (261, 1)]
[]
[(1, 1), (17, 1), (21, 1), (77, 1), (113, 1), (135, 1), (211, 1)]
[(36, 1), (63, 1), (72, 1), (76, 1), (196, 1), (209, 1), (228, 1), (241, 1), (262, 1)]
[(95, 1), (113, 2)]
[(46, 1), (48, 1), (92, 1), (102, 1), (125, 1), (134, 1), (156, 1), (174, 1), (204, 1), (229, 1), (237, 1), (255, 1)]
[(5, 1), (167, 1), (196, 1)]
[(75, 1), (209, 1)]
[(61, 1), (105, 1), (243, 1)]
[(106, 1), (182, 1)]
[(42, 1), (102, 1), (224, 1)]
[(0, 1), (85, 1), (113, 1), (212, 1), (227, 1), (239, 1), (261, 1), (263, 1)]
[(3, 1), (146, 1)]
[(28, 2), (32, 1), (94, 1), (176, 1), (179, 1)]
[(96, 1), (113, 1), (132, 1), (168, 1), (263, 1)]
[(14, 1), (84, 1), (92, 1), (131, 1), (235, 1)]
[(264, 1)]
[(108, 1), (150, 1), (162, 1)]
[(5, 1), (36, 1)]
[(38, 1), (53, 1), (59, 1), (201, 1), (235, 1)]
[(36, 1), (191, 1)]
[(19, 1), (36, 1)]
[(90, 1), (192, 1), (232, 1)]
[(40, 1), (59, 1), (108, 1)]
[(30, 1), (94, 1), (102, 1)]
[(72, 1), (236, 1), (244, 1)]
[(0, 1), (109, 1)]
[(10, 1), (101, 1), (145, 1), (156, 1)]
[(5, 2), (63, 1), (70, 1), (108, 1), (128, 1), (129, 1), (149, 1), (232, 1), (265, 2), (266, 1)]
[(19, 2), (45, 2), (63, 2), (65, 1), (111, 2), (138, 2), (233, 1), (250, 2)]
[]
[(28, 1), (95, 1)]
[(27, 2), (28, 1), (95, 1), (267, 1)]
[(44, 1)]
[(12, 1), (65, 1), (111, 1), (134, 1)]
[(43, 1), (45, 1), (72, 1), (80, 1), (111, 1), (114, 1), (115, 1), (116, 1), (241, 2), (250, 1)]
[(46, 1), (48, 1), (94, 1), (115, 1), (125, 1), (132, 1), (167, 1), (174, 1), (229, 1), (254, 1), (255, 1), (268, 1)]
[(258, 1)]
[(41, 1), (156, 1), (231, 1), (269, 1)]
[(1, 1), (8, 1), (21, 1), (28, 2), (32, 1), (42, 1), (44, 1), (166, 1), (193, 1)]
[(210, 1)]
[]
[(63, 1), (204, 1), (236, 1)]
[(258, 1)]
[(63, 1)]
[(41, 1), (60, 1), (105, 1), (180, 1), (184, 1), (201, 1)]
[(9, 1), (61, 1), (95, 1), (119, 1), (120, 1), (139, 2), (143, 1), (198, 1), (230, 1), (241, 1), (256, 1), (269, 1)]
[(36, 1), (91, 1), (113, 1), (251, 1), (270, 1)]
[(94, 1), (113, 3), (115, 1), (210, 1), (211, 1), (212, 1)]
[(242, 1), (267, 1), (271, 1)]
[(61, 1), (256, 1)]
[(14, 1), (92, 1)]
[(30, 1), (48, 1), (99, 1), (100, 1), (128, 1), (148, 1), (178, 1), (248, 1), (266, 1)]
[(36, 1), (38, 1), (100, 1), (171, 2), (181, 2)]
[(61, 1), (119, 3), (143, 1), (145, 1), (209, 4), (253, 1), (272, 1)]
[(9, 1), (61, 1), (95, 1), (119, 1), (120, 1), (139, 2), (143, 1), (198, 1), (230, 1), (241, 1), (256, 1), (269, 1)]
[(113, 1)]
[]
[(81, 1), (91, 1), (140, 1), (240, 1)]
[(28, 1), (33, 1), (113, 2), (152, 1), (218, 2), (239, 1), (263, 1)]
[(27, 1), (213, 1)]
[(8, 1), (36, 1), (126, 1), (135, 1), (142, 1)]
[(133, 2), (241, 1)]
[]
[(28, 1), (32, 1), (42, 1), (224, 1), (273, 1)]
[(59, 1), (63, 2), (78, 1), (129, 2)]
[(95, 1), (156, 1)]
[(41, 1), (60, 1), (61, 1), (124, 1), (232, 1)]
[(28, 2), (80, 1), (113, 3), (148, 1), (152, 1), (218, 1), (239, 2), (263, 1)]
[(25, 1), (96, 3), (108, 3), (187, 1)]
[(0, 1), (78, 1), (85, 1), (113, 2), (212, 1), (227, 1), (239, 1), (261, 1), (263, 1)]
[(1, 1), (26, 1), (63, 1), (244, 1), (274, 1)]
[(28, 1), (78, 1), (85, 1)]
[(63, 1), (68, 1), (129, 1)]
[(36, 1), (270, 1)]
[(36, 1), (82, 1), (217, 1), (273, 1)]
[(27, 1), (68, 1), (138, 1), (196, 1)]
[(94, 1), (212, 2), (239, 2)]
[(5, 1), (36, 1), (85, 1), (212, 1)]
[(40, 1), (53, 1), (60, 1), (216, 1), (232, 1), (241, 1)]
[(146, 1), (162, 1)]
[(213, 1)]
[(36, 1), (67, 1), (139, 1), (181, 1), (230, 1), (241, 5)]
[(28, 1), (95, 1), (178, 1)]
[(25, 1), (189, 1), (231, 1)]
[(137, 2)]
[(36, 1), (85, 1), (275, 1)]
[(36, 1), (60, 1), (149, 1), (189, 1), (191, 1), (267, 1)]
[(1, 1), (42, 1), (55, 1), (57, 2)]
[(6, 1), (36, 1), (41, 2), (229, 1), (260, 1), (261, 1)]
[(21, 1), (28, 1), (32, 1), (35, 1)]
[(154, 1)]
[(45, 1), (67, 1), (178, 1), (230, 1)]
[(136, 2), (178, 1), (267, 1)]
[(108, 1), (201, 1)]
[(152, 1), (156, 1), (204, 1)]
[(37, 1), (100, 1), (214, 1)]
[(59, 2), (61, 2), (198, 1)]
[]
[(36, 1), (41, 1), (100, 3), (156, 1), (235, 1), (241, 1)]
[(85, 1), (209, 1), (247, 1)]
[(14, 1), (54, 1), (61, 1), (108, 1), (115, 1), (120, 1), (190, 1)]
[(1, 1), (5, 1), (42, 1)]
[(36, 1), (85, 1), (262, 1), (276, 1)]
[(36, 1), (156, 1), (205, 1)]
[(158, 1), (180, 2), (254, 1)]
[(21, 1), (28, 2), (36, 1), (42, 1), (270, 1)]
[(189, 1), (205, 1), (253, 1), (275, 1)]
[(66, 1), (276, 1)]
[(1, 1), (14, 1), (26, 1), (28, 1), (36, 1), (42, 1), (254, 1), (262, 1)]
[(28, 1), (95, 1), (102, 1)]
[(63, 1), (120, 1), (206, 1), (235, 1), (241, 1), (248, 1)]
[(94, 2), (181, 1), (204, 2), (277, 1)]
[(1, 1), (8, 2), (42, 1), (71, 1), (98, 1)]
[(80, 1), (111, 1), (115, 1), (146, 1), (158, 1), (169, 1)]
[(14, 1), (44, 1), (89, 1), (192, 1)]
[(119, 1), (143, 1), (145, 1), (209, 1)]
[(51, 1), (103, 1), (216, 1)]
[(1, 1), (28, 1), (42, 1), (63, 1), (264, 1)]
[(14, 1), (24, 1), (25, 1), (178, 1), (241, 1), (272, 1)]
[(12, 1), (14, 1), (100, 1), (168, 2), (232, 2), (240, 1)]
[(204, 1)]
[(95, 1), (178, 1)]
[(30, 1), (186, 1)]
[(27, 1), (156, 1), (157, 1), (181, 1)]
[(14, 1), (36, 1), (92, 1), (138, 1), (156, 1), (227, 1), (242, 1)]
[(65, 1), (111, 1), (261, 1)]
[(69, 1), (150, 1), (156, 1)]
[(9, 1), (135, 1), (151, 1)]
[(148, 1), (185, 1), (277, 1), (278, 1)]
[(36, 1), (184, 1)]
[(65, 1), (80, 1), (115, 1), (158, 1), (169, 1)]
[(8, 1), (15, 1), (186, 2)]
[]
[(28, 1), (95, 1), (178, 1)]
[(36, 1), (220, 1)]
[(63, 1), (91, 1), (234, 1), (256, 1)]
[(63, 1), (80, 1), (146, 1), (211, 1), (259, 2), (260, 1)]
[(8, 1), (9, 1), (37, 1), (41, 1), (101, 1), (114, 2), (135, 1), (163, 1), (210, 1), (211, 1), (212, 1), (254, 1)]
[(30, 1), (94, 2), (181, 1)]
[(5, 1), (36, 1), (94, 1), (113, 2), (263, 1)]
[(63, 1)]
[(36, 1), (241, 3)]
[(55, 1), (94, 1), (102, 2), (113, 1), (168, 1), (232, 1), (257, 1)]
[(113, 2), (132, 1)]
[(1, 1), (21, 1), (28, 2), (32, 2), (37, 1), (42, 1), (79, 1), (121, 1), (130, 1)]
[(143, 1), (145, 1), (198, 1), (205, 1)]
[(109, 1), (160, 1), (175, 1), (230, 1)]
[(63, 1), (71, 1), (120, 1), (136, 2), (222, 1), (235, 1), (241, 2)]
[(36, 1), (63, 1), (136, 1), (138, 1), (204, 1)]
[(8, 1), (15, 1), (78, 1), (102, 1), (117, 1), (130, 1), (166, 1), (241, 1)]
[(156, 1), (272, 1)]
[(103, 1), (110, 1), (113, 1), (223, 1), (231, 1)]
[(219, 1), (232, 1), (264, 1)]
[(28, 1), (95, 1), (186, 1)]
[(76, 1), (100, 1), (157, 1), (161, 1), (262, 1)]
[(5, 1), (63, 1), (70, 1), (95, 1), (107, 1), (128, 1), (149, 1), (180, 1), (208, 1), (243, 1)]
[(9, 1), (26, 1), (43, 1), (83, 1), (85, 1), (108, 1), (119, 1), (143, 3), (156, 1), (205, 1), (213, 3), (241, 1), (252, 1)]
[(36, 1), (245, 1)]
[(158, 1)]
[(95, 1), (152, 1)]
[(38, 1), (55, 1), (94, 1), (115, 1), (179, 1), (181, 1)]
[(36, 1), (141, 1), (264, 1), (266, 1)]
[(162, 1)]
[(1, 1), (42, 1)]
[(21, 1), (28, 1)]
[(28, 1), (32, 1), (257, 1)]
[]
[(49, 1), (100, 1), (232, 1)]
[(24, 1), (25, 1), (38, 1), (250, 1), (252, 1)]
[(37, 1), (213, 1), (267, 1)]
[(262, 1), (267, 1)]
[(204, 1)]
[(113, 2), (132, 1), (263, 1)]
[(139, 1), (213, 1)]
[(63, 2), (137, 2), (222, 1), (253, 1), (264, 2)]
[(134, 1), (260, 1)]
[(191, 1), (259, 1)]
[(30, 1), (95, 1), (107, 1), (254, 1)]
[(28, 1), (178, 1), (257, 1)]
[]
[(211, 1), (259, 2), (260, 1)]
[(27, 1), (36, 1), (106, 1), (125, 1), (255, 1)]
[(113, 1), (199, 1)]
[(5, 1), (44, 1), (114, 1), (151, 1), (235, 1)]
[(175, 1), (251, 2)]
[(241, 1), (272, 1)]
[(9, 1), (258, 1)]
[(75, 1), (152, 1), (178, 1)]
[(152, 1), (156, 1), (200, 1), (222, 1)]
[(36, 1), (67, 2), (113, 1), (156, 1), (193, 1), (209, 1), (226, 1), (236, 1)]
[]
[(66, 1), (241, 1), (247, 1)]
[(214, 1)]
[(128, 1), (222, 1)]
[(33, 1), (109, 1), (113, 1), (117, 1), (218, 1), (239, 1)]
[(28, 1), (186, 1), (257, 1)]
[(28, 2), (73, 1), (74, 1), (130, 1), (164, 1)]
[(209, 1), (222, 1)]
[(5, 1), (61, 1), (220, 1)]
[(80, 1), (237, 1)]
[(19, 1), (41, 1), (58, 1), (78, 1), (219, 1), (250, 1)]
[(27, 1), (199, 1)]
[(1, 1), (5, 1), (102, 1), (114, 1)]
[(128, 3), (141, 1), (185, 2), (215, 1)]
[(146, 1), (213, 1)]
[(36, 1), (195, 1), (235, 1)]
[(192, 1)]
[(61, 1), (216, 1), (240, 1), (251, 1)]
[(2, 1), (16, 1), (36, 2), (80, 1), (129, 1), (195, 1), (235, 1), (279, 1)]
[(48, 1), (99, 1)]
[(47, 1), (151, 2), (241, 1), (253, 1), (261, 1)]
[(235, 2)]
[(36, 1), (41, 1), (63, 1), (125, 1), (221, 1), (255, 1), (268, 1), (277, 1)]
[(0, 1), (19, 1), (113, 2), (146, 1), (175, 1), (246, 1), (251, 2)]
[(178, 1)]
[(63, 1), (107, 2), (129, 1), (220, 1)]
[(5, 1), (14, 1), (38, 1), (40, 1), (108, 2), (115, 1), (192, 1), (201, 1), (241, 1), (271, 3), (274, 1)]
[(14, 1), (41, 1)]
[(181, 1), (199, 1)]
[(63, 1), (146, 1), (158, 1), (186, 1)]
[(5, 1), (9, 1), (26, 1), (91, 2), (196, 1), (241, 1), (251, 1)]
[(36, 1), (80, 1), (83, 1), (148, 1)]
[(83, 1), (150, 1)]
[(113, 1), (239, 1), (259, 1)]
[(173, 1), (232, 1), (262, 1)]
[(241, 1), (256, 1), (274, 1)]
[(214, 1)]
[(44, 2), (175, 3), (222, 2)]
[(5, 1), (8, 1), (18, 1), (41, 1), (44, 1), (48, 1), (52, 1), (128, 1), (146, 1), (247, 1)]
[(76, 1), (85, 1), (129, 1), (136, 1), (188, 1), (260, 1), (277, 1)]
[(26, 1), (113, 2), (132, 1), (223, 1)]
[(28, 1), (31, 1), (94, 1), (95, 1), (181, 1)]
[(85, 1)]
[(5, 1), (129, 1), (232, 1), (262, 1)]
[(40, 1), (53, 1), (129, 1), (143, 1), (205, 1), (276, 1), (277, 1)]
[(36, 1), (37, 1), (251, 1)]
[(115, 1), (167, 1), (211, 1), (268, 1)]
[(85, 3), (220, 1), (237, 4)]
[(241, 2), (256, 1)]
[(204, 1)]
[(10, 1)]
[(8, 1), (14, 1), (53, 1), (216, 1), (232, 1)]
[(209, 1)]
[(9, 1), (147, 1), (168, 1), (186, 1)]
[(152, 1), (258, 1)]
[(254, 1), (278, 1)]
[(178, 1), (232, 1)]
[(28, 3), (175, 1), (251, 1)]
[(27, 1), (91, 1), (184, 1), (220, 1), (241, 1), (277, 1)]
[(120, 1)]
[(28, 1), (113, 1), (152, 1), (218, 1), (239, 1), (263, 1)]
[(159, 1), (259, 1)]
[(277, 1)]
[(90, 1), (96, 1), (116, 1), (156, 1), (167, 2), (211, 1), (254, 1), (269, 1)]
[(101, 1), (161, 1)]
[(3, 1), (8, 1), (15, 1), (27, 1), (217, 1)]
[(45, 1), (192, 1), (235, 1)]
[(14, 1), (63, 1)]
[(157, 1), (161, 1)]
[(91, 1), (246, 1), (247, 1), (251, 1)]
[(113, 1), (175, 1)]
[(38, 2), (63, 1), (201, 1), (241, 1), (252, 1), (271, 1), (274, 1)]
[(148, 1), (179, 1), (185, 1)]
[(91, 1), (170, 1), (219, 1), (242, 1)]
[]
[(40, 1), (241, 1), (262, 1), (268, 1)]
[(26, 1), (67, 1), (84, 1), (156, 2), (209, 2), (241, 1), (244, 1), (245, 1)]
[(8, 1), (27, 1), (28, 3), (50, 1)]
[(8, 1), (12, 1), (16, 1), (17, 1), (18, 1), (19, 1), (21, 1), (26, 1), (27, 1), (30, 1), (37, 1), (41, 1), (42, 1), (53, 1), (127, 1), (265, 1)]
[(27, 1), (52, 1), (66, 1), (86, 1), (153, 1), (155, 1), (190, 1)]
[(1, 1), (12, 1), (27, 1), (186, 1), (214, 1), (226, 1)]
[(1, 1), (14, 1), (92, 1), (280, 1)]
[(28, 2), (32, 2), (42, 1), (224, 1), (273, 1)]
[(1, 1), (27, 1), (214, 1), (280, 1)]
[(1, 1), (28, 2), (57, 1), (82, 1)]
[(33, 1), (63, 1), (76, 1), (85, 1), (99, 1), (107, 1), (135, 1), (179, 1), (220, 1)]
[(21, 1), (28, 2), (32, 2), (33, 1), (39, 1), (130, 1)]
[(5, 1), (28, 2), (32, 2), (42, 1), (78, 2), (117, 2), (224, 1), (273, 1)]
[(76, 1), (96, 1), (129, 1), (154, 1)]
[(102, 1), (165, 1)]
[(81, 1)]
[(1, 1), (10, 1), (37, 1), (79, 1), (111, 1)]
[(21, 1), (232, 1)]
[(67, 1), (131, 1), (143, 1), (187, 1), (193, 1), (253, 1), (281, 1)]
[(27, 2), (63, 1), (220, 1), (244, 1), (272, 1)]
[(63, 1), (138, 1), (253, 1)]
[(181, 1), (240, 1)]
[(5, 1), (28, 1), (36, 1), (60, 1), (100, 1), (124, 1), (186, 1), (209, 1), (240, 1), (257, 1), (266, 1)]
[(36, 1), (41, 1), (105, 1), (258, 1)]
[(12, 1), (27, 1), (88, 1), (96, 1), (135, 1), (156, 1), (175, 1), (225, 1), (281, 1), (282, 2)]
[(9, 1), (28, 1), (115, 1), (257, 1)]
[(8, 1), (17, 1), (20, 1), (21, 1), (27, 1), (28, 2), (33, 1), (156, 1)]
[(5, 1), (14, 1), (63, 1), (85, 1), (166, 1), (241, 1), (244, 1), (248, 1)]
[(27, 1), (36, 1), (56, 1), (173, 1), (176, 1), (280, 1)]
[(19, 1), (21, 1), (26, 1), (28, 2), (31, 1), (33, 1), (36, 1), (41, 1), (42, 1), (51, 1), (62, 1), (66, 1), (107, 1), (116, 1)]
[(1, 1), (9, 1), (21, 1), (27, 1), (33, 1), (42, 1), (51, 1), (283, 1)]
[(36, 1), (113, 1), (156, 1), (280, 1)]
[(5, 1), (17, 1), (18, 1), (19, 1), (21, 1), (41, 1), (42, 2), (52, 1), (55, 2), (56, 2), (57, 2), (70, 1), (127, 1), (128, 1)]
[(1, 1), (8, 2), (11, 1), (42, 1), (226, 1)]
[(13, 1), (36, 1), (86, 2), (154, 1), (173, 1), (190, 1)]
[(17, 1), (21, 1), (27, 2), (28, 2), (32, 2), (130, 1)]
[(27, 1), (28, 1), (179, 1), (284, 1)]
[(16, 1), (26, 1), (30, 2), (41, 1), (43, 1), (45, 1), (78, 1), (178, 1), (260, 1), (279, 1), (282, 1)]
[(12, 1), (27, 1), (96, 2), (113, 1), (156, 1)]
[(141, 1), (240, 1)]
[(21, 1), (36, 1), (101, 1)]
[(55, 1), (96, 1), (101, 1), (173, 1)]
[(16, 1), (28, 1), (31, 1), (41, 1), (43, 1), (61, 1), (62, 1), (163, 1), (186, 1), (188, 1), (257, 1)]
[(214, 1)]
[(132, 1), (162, 1)]
[(3, 1), (17, 1), (28, 2), (36, 1), (113, 2)]
[(1, 1), (30, 2), (33, 1), (42, 1), (78, 1), (79, 1), (203, 1)]
[(14, 1), (131, 1), (173, 1)]
[(1, 1), (8, 1), (12, 1), (27, 1), (28, 2), (32, 2), (41, 1), (42, 1), (114, 1), (197, 1)]
[(5, 1), (14, 1), (36, 1), (41, 2), (70, 1), (108, 1), (128, 1), (171, 1), (186, 1), (215, 1), (217, 1), (251, 1), (265, 1), (266, 1)]
[(36, 1), (41, 1), (85, 1), (105, 1), (186, 1), (240, 1)]
[(27, 2), (94, 1), (173, 1)]
[(1, 1), (12, 1), (27, 1), (30, 2), (37, 1), (42, 1), (79, 1)]
[(27, 2), (28, 2), (50, 1), (180, 1), (251, 1), (270, 1)]
[(96, 2), (166, 1)]
[(1, 1), (27, 1), (28, 2), (42, 1)]
[(21, 1), (28, 2), (32, 2), (33, 1)]
[(8, 1), (17, 1), (28, 2), (32, 2), (41, 1), (173, 1), (223, 1)]
[(5, 1), (9, 1), (21, 1), (28, 2), (32, 2), (33, 1), (39, 1), (41, 1), (78, 1), (117, 1)]
[(1, 1), (8, 1), (15, 1), (19, 1), (27, 2), (41, 1), (45, 1), (55, 1), (57, 2), (64, 1), (78, 1), (82, 1), (139, 1), (209, 1), (269, 1)]
[(1, 1), (10, 1), (20, 1), (24, 1), (135, 1), (246, 1)]
[(3, 1), (28, 2), (113, 1)]
[(1, 1), (8, 1), (12, 1), (17, 1), (21, 1), (27, 1), (30, 2), (33, 1), (42, 1), (93, 2), (207, 1), (275, 1)]
[(1, 1), (27, 2), (28, 1), (57, 1), (58, 1), (82, 1), (176, 1), (280, 1)]
[(99, 1), (148, 1), (213, 1), (253, 1), (267, 1)]
[(8, 1), (17, 2), (28, 2), (44, 1)]
[(1, 1), (24, 1), (27, 2), (30, 1), (36, 1), (42, 1), (111, 1), (152, 1), (187, 1), (202, 1), (216, 1), (256, 1)]
[(186, 1)]
[(91, 1), (113, 2), (251, 1), (270, 1)]
[(112, 1), (256, 1)]
[(3, 1), (21, 1), (27, 1), (30, 2), (34, 1), (42, 1), (93, 1), (203, 1)]
[(85, 1), (136, 1), (178, 1), (235, 1), (241, 1), (249, 1), (267, 1)]
[(27, 1), (28, 2), (76, 1)]
[(28, 1), (31, 1), (179, 1), (246, 1), (278, 1), (284, 1)]
[(8, 1), (12, 1), (16, 1), (18, 1), (19, 1), (21, 1), (26, 1), (27, 1), (28, 2), (31, 1), (41, 1), (42, 1)]
[(44, 1), (158, 2), (212, 1), (281, 1)]
[(41, 1), (63, 1), (92, 1), (171, 1)]
[(1, 1), (8, 1), (27, 1), (42, 1), (44, 1), (55, 2), (79, 1), (96, 1), (280, 1)]
[(3, 1), (17, 1), (28, 2), (113, 2)]
[(1, 1), (63, 1), (82, 1)]
[(14, 1), (36, 1), (178, 1)]
[(1, 1), (156, 1)]
[(137, 1)]
[(27, 1), (28, 2), (36, 1), (50, 1), (95, 1), (102, 1), (109, 1), (214, 1), (221, 1)]
[(1, 1), (21, 1), (33, 2), (39, 1), (42, 1), (51, 1), (283, 1)]
[(1, 1), (27, 1), (42, 1), (55, 1), (127, 1)]
[(1, 1), (88, 1), (94, 1), (96, 1), (175, 1), (176, 2), (225, 2), (280, 1), (282, 1)]
[(21, 1), (28, 2), (32, 2), (33, 1)]
[(12, 1), (21, 1), (27, 1), (30, 2), (130, 1)]
[(25, 2), (41, 1), (69, 1), (186, 1), (208, 1)]
[(1, 1), (219, 1), (220, 1), (228, 1), (280, 1)]
[(5, 1), (17, 1), (19, 1), (21, 1), (33, 1), (41, 1), (42, 2), (51, 1), (55, 2), (57, 1), (94, 1)]
[(157, 1)]
[(1, 1), (8, 1), (28, 2), (32, 2), (33, 1), (39, 1), (41, 1), (42, 1), (127, 1), (197, 1), (265, 1)]
[(8, 1), (16, 1), (17, 1), (18, 1), (19, 1), (26, 1), (30, 3), (33, 1), (41, 1), (42, 1), (61, 1), (137, 1), (209, 1)]
[(1, 1), (28, 1), (32, 1), (219, 1)]
[(1, 1), (8, 2), (28, 1), (42, 1), (63, 1), (107, 1)]
[(96, 1), (125, 1), (143, 2), (218, 1), (235, 1)]
[(25, 1), (36, 1), (232, 1)]
[(12, 1), (27, 1), (36, 1), (55, 1), (96, 1), (117, 1), (118, 1), (173, 1), (200, 1)]
[(8, 1), (76, 1), (96, 1), (141, 1), (216, 1)]
[(21, 1), (42, 1), (57, 2)]
[(33, 1), (68, 1), (135, 1)]
[(27, 1), (30, 1)]
[(5, 1), (20, 1), (21, 1), (28, 2), (63, 1), (174, 1), (279, 1)]
[(36, 1), (41, 2), (92, 1), (166, 1), (267, 1)]
[(1, 1), (10, 1), (42, 1), (49, 2)]
[(21, 1), (28, 2), (32, 2), (33, 1), (39, 1), (104, 1)]
[(17, 1), (19, 1), (21, 1), (33, 1), (41, 1), (42, 2), (51, 1), (55, 2), (57, 4), (150, 1), (197, 1)]
[(3, 1), (27, 1), (28, 1), (89, 1), (156, 1)]
[(8, 2), (21, 1), (28, 2), (32, 2), (41, 1), (42, 1), (130, 1), (166, 1), (194, 1), (203, 1)]
[(21, 1), (27, 1), (30, 2), (33, 1), (35, 1)]
[(1, 1), (5, 1), (10, 1), (78, 1), (88, 1), (90, 1), (96, 1), (117, 1), (167, 1), (225, 1)]
[(1, 1), (28, 1), (33, 1), (39, 1), (42, 1), (213, 1)]
[(113, 2), (166, 1)]
[(5, 1), (10, 1), (140, 1), (149, 1), (176, 1)]
[(96, 1), (173, 1)]
[(5, 1), (132, 1), (156, 1), (164, 1), (166, 1), (241, 1)]
[(28, 2), (32, 1), (33, 1), (167, 1), (186, 1), (214, 1)]
[(17, 2), (28, 2), (32, 2), (33, 2), (36, 1), (39, 1)]
[(9, 1), (12, 1), (21, 1), (27, 1), (42, 1), (113, 1), (146, 1), (163, 1), (270, 1), (280, 1)]
[(212, 1), (274, 1)]
[(18, 1), (19, 1), (21, 1), (26, 1), (28, 2), (31, 1), (41, 1), (42, 1), (45, 1), (51, 1), (54, 1), (62, 1), (116, 1), (120, 1), (209, 1)]
[(5, 1), (21, 1), (51, 1), (55, 1), (96, 1), (130, 1)]
[(5, 1), (19, 1), (36, 1), (41, 1), (96, 2), (113, 1), (152, 1), (199, 1), (243, 1), (259, 1)]
[(63, 1), (85, 1), (156, 1), (176, 1), (186, 1), (196, 2), (235, 1), (247, 1), (249, 1)]
[(7, 1), (21, 1), (130, 1)]
[(1, 1), (28, 2), (57, 1), (193, 1)]
[(28, 1), (276, 1), (284, 1)]
[(1, 1), (41, 1), (88, 1), (113, 1), (156, 1), (228, 2), (281, 1)]
[(28, 2), (32, 2), (87, 1), (126, 1), (142, 1)]
[(16, 1), (26, 1), (41, 1), (76, 1), (78, 1), (161, 1), (223, 1), (233, 1)]
[(1, 1), (8, 1), (113, 1), (156, 1), (280, 1)]
[(77, 1), (234, 1)]
[(1, 1), (8, 1), (21, 1), (33, 1), (39, 1), (42, 1), (51, 1), (283, 1)]
[(27, 1), (34, 1), (156, 1), (181, 1), (215, 1), (265, 1)]
[(1, 1), (12, 1), (27, 2), (55, 2), (96, 2), (146, 1), (246, 1), (259, 1), (281, 1), (282, 1)]
[(1, 1), (8, 1), (10, 1), (27, 2), (28, 1), (42, 1), (77, 1), (172, 1), (202, 1)]
[(44, 1), (49, 1), (112, 1)]
[(78, 1), (91, 1), (113, 1), (251, 1), (270, 1)]
[(3, 1), (8, 1), (18, 1), (113, 2), (118, 1), (145, 1), (156, 1), (213, 1), (244, 1)]
[(36, 1), (41, 1), (76, 1), (92, 1), (106, 1), (117, 1), (133, 1), (232, 1)]
[(73, 1), (74, 1), (143, 1), (147, 1), (156, 2), (213, 1), (244, 1)]
[(1, 1), (42, 1), (63, 1), (280, 1)]
[(9, 1), (27, 1), (56, 1), (220, 1), (233, 1), (246, 1)]
[(21, 1), (27, 1), (33, 2), (51, 1), (283, 1)]
[(41, 1), (184, 1), (186, 1), (188, 1), (219, 1)]
[(3, 1), (8, 2), (12, 1), (27, 1), (28, 2), (113, 1)]
[(1, 1), (5, 1), (12, 1), (13, 1), (27, 1), (28, 1), (32, 1), (33, 1), (41, 1), (42, 1), (43, 1), (89, 1), (117, 1), (125, 1), (280, 1)]
[(1, 2), (21, 1), (42, 2), (94, 1), (97, 1), (159, 1)]
[(1, 1), (36, 1), (42, 1)]
[(21, 1), (28, 2), (33, 1), (39, 1), (130, 1)]
[(12, 1), (21, 1), (27, 1), (36, 1), (42, 1), (51, 1), (96, 1), (115, 1), (236, 1)]
[(21, 1), (28, 2), (32, 2), (33, 1)]
[(21, 1), (28, 2), (130, 1), (202, 1)]
[(1, 1), (28, 1), (32, 1), (170, 1)]
[(8, 1), (17, 2), (28, 2), (32, 2), (93, 1), (275, 1)]
[(123, 1), (158, 2), (212, 1), (281, 1)]
[(45, 1), (120, 1), (143, 1), (160, 1), (234, 1)]
[(26, 1), (113, 1), (156, 1), (162, 1), (238, 1)]
[(17, 1), (30, 1), (51, 1), (153, 1), (161, 1), (179, 1), (284, 1)]
[(8, 1), (12, 1), (16, 1), (17, 1), (19, 1), (26, 1), (27, 1), (28, 2), (31, 1), (33, 1), (36, 1), (41, 1), (42, 1), (207, 1), (208, 1), (209, 1)]
[(1, 1), (21, 1), (33, 1), (42, 1), (51, 1), (283, 1)]
[(76, 1)]
[(1, 2), (30, 1), (42, 1), (258, 1)]
[(19, 1), (41, 1), (55, 1), (57, 2), (60, 1), (61, 1), (64, 1), (139, 1), (143, 1), (176, 1), (186, 1), (253, 1)]
[(87, 1), (126, 1), (142, 1), (280, 1)]
[(21, 1), (28, 2), (32, 2), (33, 1), (39, 1)]
[(36, 1), (147, 1), (152, 1), (192, 1), (214, 1)]
[(169, 1)]
[(63, 1), (94, 1), (128, 1), (187, 1), (216, 1)]
[(16, 1), (17, 1), (19, 1), (26, 1), (27, 1), (30, 2), (33, 1), (41, 1), (42, 1), (51, 1), (58, 1), (64, 1), (139, 1)]
[(8, 1), (17, 1), (21, 1), (30, 1), (36, 1), (37, 1), (42, 2), (44, 1), (79, 1)]
[(8, 1), (15, 1), (17, 1), (20, 1), (21, 1), (28, 2), (32, 2)]
[(7, 1), (8, 1), (15, 1), (21, 1), (27, 2), (42, 1)]
[(36, 1), (125, 2), (178, 1), (181, 1), (260, 1)]
[(8, 1), (9, 1), (27, 1), (28, 1), (44, 1), (76, 1), (81, 1), (284, 1)]
[(1, 1), (5, 1), (10, 1), (78, 1), (88, 1), (90, 1), (167, 1), (228, 1)]
[(14, 1), (36, 2), (43, 1), (53, 1), (60, 1), (71, 1), (99, 1), (118, 1), (119, 2), (120, 1), (136, 1), (148, 1), (241, 1), (276, 1)]
[(21, 1), (28, 2), (32, 2), (33, 2), (39, 1)]
[(28, 1), (30, 1), (31, 1), (85, 1)]
[(18, 1), (55, 2), (83, 1), (110, 1), (113, 1), (171, 1)]
[(85, 1), (198, 1), (232, 1)]
[(41, 1), (60, 1), (61, 1), (184, 1), (276, 1)]
[(5, 1), (20, 1), (21, 1), (30, 1), (63, 1), (174, 1), (279, 1)]
[(22, 1), (25, 1), (41, 1), (60, 1), (131, 1), (178, 1)]
[(27, 1), (237, 1)]
[(5, 1), (38, 1), (41, 1), (178, 1), (271, 1), (282, 1)]
[(12, 1), (27, 1), (28, 2), (32, 2), (42, 1), (224, 1), (273, 1)]
[(8, 1), (15, 1), (17, 1), (21, 1), (28, 2), (32, 2)]
[(21, 1), (28, 1), (130, 1)]
[(1, 1), (21, 1), (28, 3), (32, 3), (130, 1), (138, 1), (140, 1), (149, 1)]
[(5, 2), (6, 1), (45, 1), (52, 1), (114, 1), (170, 2), (206, 3), (211, 1), (212, 1), (241, 1), (247, 1), (276, 1)]
[(3, 1), (17, 1), (113, 1)]
[(36, 1), (47, 1)]
[(27, 1), (28, 1), (57, 1), (179, 1), (284, 1)]
[(3, 1), (28, 2), (113, 1)]
[(1, 1), (28, 1), (32, 1), (42, 1), (140, 1), (149, 1)]
[(27, 2), (186, 1)]
[(19, 1), (21, 1), (30, 1), (33, 2), (36, 1), (39, 1), (41, 1), (52, 1), (78, 1), (79, 1), (115, 1), (116, 1), (118, 1), (125, 1), (130, 1), (168, 1)]
[]
[(2, 1), (16, 1), (21, 1), (26, 1), (28, 2), (29, 1), (30, 1), (31, 1), (36, 1), (41, 1), (42, 1), (62, 1), (66, 1)]
[(21, 1), (30, 2), (33, 1), (36, 1), (39, 1), (42, 1), (51, 1)]
[(113, 1), (166, 1), (281, 1)]
[(8, 1), (25, 1), (44, 1), (152, 1), (162, 1)]
[(235, 1), (241, 1)]
[(8, 1), (21, 1), (28, 1), (93, 1), (217, 1)]
[(27, 2), (28, 2), (32, 2), (36, 1), (87, 1), (224, 1)]
[(3, 1), (28, 2), (113, 1)]
[(1, 1), (28, 2), (32, 2), (42, 1), (63, 1), (180, 1)]
[(21, 1), (28, 2), (32, 2), (130, 1)]
[(8, 1), (19, 1), (21, 1), (33, 1), (36, 1), (41, 1), (42, 1), (55, 2), (57, 3), (207, 1), (208, 1), (209, 1)]
[(212, 1)]
[(1, 1), (5, 1), (28, 2), (32, 2), (33, 1), (39, 1), (42, 1), (76, 1), (78, 1), (117, 1)]
[(20, 1), (21, 1), (28, 2)]
[(17, 1), (28, 2), (33, 1), (36, 1), (39, 1), (42, 1), (51, 1)]
[(18, 1), (41, 1), (60, 1), (72, 1), (103, 1), (106, 1), (109, 1), (114, 1), (123, 1), (181, 1), (186, 1), (238, 1)]
[(1, 1), (8, 1), (21, 1), (28, 2), (32, 2), (42, 1), (130, 1)]
[(21, 1), (33, 2), (39, 1), (51, 1), (283, 1)]
[(8, 1), (21, 1)]
[(21, 1), (28, 1), (32, 2)]
[(3, 1), (8, 1), (113, 1), (248, 1)]
[(179, 1), (189, 1), (271, 1)]
[(1, 1), (91, 1), (181, 1)]
[(17, 1), (18, 1), (33, 1), (41, 1), (42, 1), (51, 1), (55, 2), (57, 4), (114, 1), (209, 1)]
[(1, 1), (21, 1), (33, 1), (42, 1), (51, 1), (283, 1)]
[(8, 2), (27, 1), (28, 2), (50, 1)]
[(1, 1), (14, 1), (28, 2), (42, 1), (278, 1), (280, 1)]
[(1, 1), (28, 1), (42, 1), (98, 1), (280, 1)]
[(5, 1), (6, 1), (18, 1), (25, 1), (36, 1), (41, 1), (96, 1), (125, 2), (129, 1), (208, 1), (278, 1)]
[(51, 1), (144, 1), (167, 1), (211, 1), (212, 1)]
[(8, 1), (12, 1), (21, 1), (27, 1), (28, 1), (57, 1), (130, 1)]
[(8, 1), (21, 1), (28, 2), (32, 2), (33, 1), (39, 1), (41, 1), (44, 1), (130, 1), (166, 1), (194, 1)]
[(28, 2), (32, 2), (33, 1), (35, 1), (36, 1), (39, 1), (52, 1), (58, 1)]
[(5, 1), (8, 2), (21, 1), (28, 2), (32, 2), (41, 1), (130, 1)]
[(1, 1), (21, 1), (33, 2), (39, 1), (42, 1), (51, 1), (283, 1)]
[(21, 1), (28, 2), (32, 2), (93, 1), (275, 1)]
[(28, 1), (57, 1), (115, 1), (125, 1), (129, 1), (178, 1), (232, 1)]
[(1, 1), (10, 1), (14, 1), (170, 1)]
[(1, 1), (8, 1), (10, 1), (27, 2), (42, 1), (77, 1), (172, 1), (202, 1)]
[(25, 2), (69, 1), (115, 1), (186, 1), (208, 1)]
[(3, 1), (28, 2), (113, 1)]
[(3, 1), (17, 1), (113, 1)]
[(19, 1), (21, 1), (41, 1), (42, 1), (55, 2), (57, 3), (122, 1), (207, 1), (208, 1)]
[(56, 1), (92, 1), (191, 1), (227, 1), (228, 1), (249, 1)]
[(8, 1), (16, 1), (17, 1), (18, 1), (19, 1), (21, 1), (22, 1), (23, 1), (24, 1), (25, 1), (26, 1), (27, 1), (33, 1), (39, 1), (41, 1), (42, 2), (44, 1), (200, 1)]
[(27, 1), (36, 1), (96, 1), (128, 3), (152, 1), (155, 1), (156, 1)]
[(16, 1), (17, 1), (19, 1), (26, 1), (28, 2), (29, 1), (31, 1), (36, 1), (41, 1), (42, 1), (62, 1), (66, 1), (241, 1)]
[(1, 1), (21, 1), (33, 2), (39, 1), (51, 1), (283, 1)]
[(8, 1), (17, 1), (21, 1), (33, 1), (42, 2), (55, 2), (57, 2), (124, 1)]
[(8, 1), (12, 1), (16, 1), (21, 1), (26, 1), (27, 1), (33, 1), (36, 1), (41, 1), (42, 1), (140, 1)]
[(19, 1), (26, 1), (28, 1), (31, 1), (41, 1), (45, 1), (62, 1), (64, 1), (66, 1), (139, 1), (186, 1), (209, 1), (253, 1), (269, 2)]
[(19, 1), (26, 1), (28, 1), (30, 1), (31, 1), (36, 1), (40, 2), (41, 1), (62, 1), (66, 1), (116, 1), (178, 1)]
[(184, 1), (235, 1), (258, 1)]
[(1, 1), (12, 1), (21, 1), (27, 2), (36, 2), (42, 1), (55, 2)]
[(16, 1), (17, 1), (19, 1), (30, 2), (33, 1), (36, 1), (41, 1), (42, 1), (51, 1), (58, 1), (207, 1), (208, 1), (209, 1)]
[(5, 1), (16, 1), (38, 1), (41, 1), (117, 1), (123, 1), (195, 1), (199, 2), (243, 1), (249, 1), (252, 1), (276, 1)]
[(28, 2), (32, 2), (177, 1), (224, 1)]
[(1, 1), (9, 1), (33, 1), (96, 1), (206, 1), (209, 1)]
[(21, 1), (28, 2), (32, 2)]
[(27, 1), (76, 1), (178, 1), (213, 1), (238, 1), (241, 1), (249, 1), (253, 1)]
[(5, 1), (21, 1), (41, 1), (42, 1), (55, 2), (57, 4), (268, 1)]
[(28, 2)]
[(21, 1), (30, 1), (130, 1)]
[(8, 1), (28, 2), (32, 2), (44, 1), (73, 1), (74, 1), (76, 1), (165, 1)]
[(1, 1), (28, 1), (42, 1)]
[(8, 1), (17, 1), (28, 2), (33, 1), (42, 1), (44, 1), (124, 1)]
[(27, 1), (45, 1), (61, 1), (103, 1), (209, 1), (235, 1)]
[(21, 1), (24, 1), (28, 1), (31, 1), (38, 1), (130, 1), (233, 1), (246, 1)]
[(81, 1), (204, 1), (280, 1)]
[(16, 1), (17, 1), (18, 1), (19, 1), (22, 1), (23, 1), (24, 1), (25, 1), (26, 1), (27, 1), (28, 2), (31, 1), (33, 1), (41, 1), (42, 1), (51, 1)]
[(27, 1), (33, 1), (34, 1), (87, 1)]
[(28, 1), (32, 1), (177, 1), (187, 1), (224, 1)]
[(14, 1), (41, 1), (115, 1), (134, 1), (153, 1), (154, 1), (201, 1), (238, 1), (276, 1)]
[(1, 1), (8, 1), (12, 1), (15, 1), (17, 1), (20, 1), (21, 1), (27, 1), (28, 2), (57, 3), (68, 1), (82, 1), (112, 1)]
[(38, 1), (77, 1), (96, 1), (187, 1)]
[(33, 1), (86, 1), (187, 1)]
[(5, 1), (68, 1), (99, 1), (148, 1), (267, 1)]
[(6, 1), (10, 1), (21, 2), (28, 4), (130, 1), (179, 2)]
[(1, 2), (28, 4), (32, 4), (33, 2), (39, 2), (215, 1), (220, 2)]
[(1, 1), (21, 1), (33, 2), (39, 1), (42, 1), (51, 1), (283, 1)]
[(81, 1), (240, 1)]
[(95, 1), (164, 1), (226, 1), (235, 1), (261, 1), (262, 1)]
[(179, 1), (246, 1), (284, 1)]
[(13, 1), (16, 1), (19, 1), (21, 1), (41, 1), (42, 1), (43, 1), (61, 1), (119, 1), (270, 1)]
[(28, 2), (32, 2), (73, 1), (74, 1), (76, 1)]
[(28, 2), (32, 2), (33, 1), (39, 1), (73, 1), (74, 1), (76, 1), (165, 1)]
[(45, 1), (76, 1), (108, 1), (209, 1), (235, 1)]
[(19, 1), (36, 2), (38, 1), (41, 1), (46, 1), (48, 1), (55, 1), (57, 2), (85, 1), (178, 1), (182, 1), (195, 1), (221, 1), (268, 1), (271, 1)]
[(47, 1), (55, 2), (113, 1), (227, 1), (267, 1)]
[(2, 1), (22, 1), (28, 1), (83, 1), (152, 1), (238, 1)]
[(1, 1), (21, 1), (36, 1), (42, 1), (89, 1)]
[(21, 1), (28, 2), (32, 2), (130, 1)]
[(5, 1), (21, 1), (27, 2), (55, 2), (94, 1), (96, 2), (130, 1), (173, 1)]
[(38, 1), (112, 1)]
[(95, 1)]
[(21, 1), (33, 1), (36, 1), (130, 1), (234, 1)]
[(5, 1), (14, 1), (22, 1), (25, 1), (28, 1), (38, 1), (57, 1), (60, 1), (85, 1), (178, 1), (182, 1)]
[(19, 1), (36, 1), (41, 1), (64, 1), (125, 1), (133, 1), (139, 2), (178, 1), (186, 1), (196, 1), (206, 2)]
[(28, 1), (95, 1), (135, 1), (221, 1), (258, 1)]
[(21, 1), (28, 1), (32, 2)]
[(21, 1), (27, 2), (28, 2), (32, 2)]
[(27, 1), (53, 1), (75, 1), (125, 1), (197, 1), (276, 1)]
[(28, 4), (32, 4), (42, 2), (142, 1), (174, 2), (224, 2), (279, 2)]
[(3, 1), (5, 1), (28, 1), (36, 1), (40, 1), (41, 1), (57, 1), (82, 1), (150, 1), (224, 1), (226, 1)]
